3.973945529826554690e+00
4.148392061849524026e+00
4.064285440182489495e+00
3.973855518669954012e+00
4.030596658420128264e+00
4.095078789624170490e+00
4.094548235857701890e+00
4.072050281087691737e+00
4.245269854752656613e+00
4.194062512893303563e+00
4.013580240250005815e+00
4.180971925105905207e+00
4.224600766085250036e+00
4.121046113510371534e+00
4.138885321156580588e+00
4.229607075202560296e+00
4.145980999556513780e+00
4.276718563013544916e+00
4.185975261389836888e+00
4.187460781396787013e+00
4.252761436123863703e+00
4.255106327161115587e+00
4.092649053125634317e+00
4.109720827249334185e+00
4.270673265687500830e+00
4.282980417589974387e+00
4.287071576191689104e+00
4.307498280331109264e+00
4.252564073404665912e+00
4.321292324039346155e+00
4.479582617649322529e+00
4.269610804172283558e+00
4.193702237468567517e+00
4.306849060366017667e+00
4.252777329748791857e+00
4.330550699969417217e+00
4.302629174307784687e+00
4.486736877057857065e+00
4.273046455212581307e+00
4.403381334057967500e+00
4.383550522167643848e+00
4.489298551717274322e+00
4.456684536567788513e+00
4.439492426443292672e+00
4.495407964790516964e+00
4.536831576348761885e+00
4.541894788558475504e+00
4.374529477003701317e+00
4.180539131946442666e+00
4.542601392487486400e+00
4.481620029932946281e+00
4.624080648430812346e+00
4.521413186285423436e+00
4.493116695574197905e+00
4.440797139117842462e+00
4.613211467266043364e+00
4.732693599581538457e+00
4.474429460256990509e+00
4.367477890811090724e+00
4.799854282230203495e+00
4.494529809663021958e+00
4.631339006088910359e+00
4.740583034885382574e+00
4.676887639757539183e+00
4.480843563179604416e+00
4.695009366004378570e+00
4.753977872106636582e+00
4.706823739548087637e+00
4.659130868077736132e+00
4.835394190024787875e+00
4.632134886503465054e+00
4.751694354773471574e+00
4.634060547275655750e+00
4.649583290444808448e+00
4.726543717024004110e+00
4.655245206137808900e+00
4.745329709114432859e+00
4.843168616101429791e+00
4.932117322062209652e+00
4.775800947934969010e+00
4.881724040571826961e+00
4.817715567622009587e+00
4.681043891693756898e+00
4.826793785835890027e+00
4.849671091121948052e+00
4.846299221805860036e+00
4.844711087975705155e+00
5.035488869613908847e+00
4.909573268273239144e+00
4.975301938749064234e+00
4.817646070074751208e+00
4.841012879720595130e+00
4.857865712032932493e+00
4.782931513338039231e+00
4.808328112024129020e+00
4.927715982453482191e+00
5.007780543949794883e+00
4.877723727132130982e+00
4.992475279578909131e+00
5.138601778009501686e+00
4.901921201149466611e+00
5.066076621077924891e+00
5.117942819517596220e+00
4.996722425895010922e+00
5.112049714162017366e+00
4.794460364626876192e+00
5.075617756483422838e+00
4.898941544472611653e+00
4.833647540391128317e+00
5.012332953921466938e+00
5.076256991972759813e+00
4.977884480292727787e+00
5.024224160381550064e+00
5.314548737430792258e+00
5.078620578304088973e+00
5.183140573633103543e+00
5.167262721685641047e+00
5.386772404508631595e+00
5.319241474525678193e+00
5.103020487363224333e+00
5.314637879823179922e+00
5.334607614476399640e+00
5.206394523301292487e+00
5.203638898542796376e+00
5.274440723236195616e+00
5.120786368081477136e+00
5.083377607179836666e+00
5.315022673375397133e+00
5.335034113303586345e+00
5.174088685655485520e+00
5.438788667748816863e+00
5.463318965830548102e+00
5.375584880604861837e+00
5.304666594245963651e+00
5.202204045694026391e+00
5.405824608499747441e+00
5.323030328933680444e+00
5.531263524534023368e+00
5.562281838904127973e+00
5.452759638520523922e+00
5.483683017723622655e+00
5.226724260657000798e+00
5.400436854205922899e+00
5.493163746637240052e+00
5.350301868443348319e+00
5.370261495719427458e+00
5.431177671586670641e+00
5.398665796569584785e+00
5.555659189384708263e+00
5.598608737395147195e+00
5.557913052372422058e+00
5.697768133249060618e+00
5.704594322925730765e+00
5.291482713692417406e+00
5.504823689227261951e+00
5.430844217235471838e+00
5.528071487266446482e+00
5.500216573983749413e+00
5.477470974546290172e+00
5.755583538182367676e+00
5.661712398182888961e+00
5.630684402411623601e+00
5.581706058191166164e+00
5.761625419819781158e+00
5.617055973582064432e+00
5.673553945850197344e+00
5.664852432130929927e+00
5.609032439721046259e+00
5.709212044153709087e+00
5.666426578915429779e+00
5.722010207254987435e+00
5.796620346089284226e+00
5.850320016886334074e+00
5.955070872051903663e+00
5.607240938491923288e+00
5.818330545870055381e+00
5.896329257840891458e+00
5.743681748491476391e+00
5.747701531677139819e+00
5.898285973447664254e+00
5.667729270838059108e+00
5.789066506016310676e+00
5.865135087787682444e+00
5.818025651261081954e+00
5.491280512034714789e+00
5.918122870986203488e+00
5.890626036725755910e+00
5.766402761080678729e+00
5.988906111102437535e+00
5.817861148856013465e+00
5.865779394046537476e+00
5.851244834339804690e+00
5.989633114342899134e+00
5.841790865800032151e+00
6.036705637348017461e+00
5.888270752756728399e+00
5.887293898971025286e+00
5.935429090849223321e+00
5.943135063468176327e+00
5.847258810215846481e+00
6.225619311998764616e+00
5.948073826725265967e+00
6.033033732232166102e+00
6.071059823630759134e+00
6.100462475917245442e+00
6.008914239987150907e+00
5.912528012486891527e+00
5.951670175073060953e+00
6.149002073231310206e+00
6.036765863345201488e+00
6.077508493952758606e+00
5.822359389618293690e+00
5.998951285820942836e+00
6.215803618763022342e+00
6.150455921217635513e+00
5.956992177903365437e+00
6.347996914676598657e+00
6.118786924936388871e+00
6.312781192599988600e+00
6.047947415042720820e+00
6.267023280701504717e+00
6.316291625799707710e+00
6.304084613914215929e+00
6.178369777946533858e+00
6.200940193590511740e+00
6.375438138815477274e+00
6.269099920914722901e+00
6.290398451387914314e+00
6.125626558525629761e+00
6.358955008674501919e+00
6.141257135402045542e+00
6.298888213942280601e+00
6.453679974516373541e+00
6.297866122258360733e+00
6.306542443242596718e+00
6.381203468072831342e+00
6.351612755983119918e+00
6.278840325150466306e+00
6.303998548608024777e+00
6.365698206151570560e+00
6.552061668415502638e+00
6.384715608800279441e+00
6.388675148030753093e+00
6.433444000956491493e+00
6.302025252395539567e+00
6.477397758497588143e+00
6.571820928311725041e+00
6.562055023411890176e+00
6.514407920752100623e+00
6.435612132160241750e+00
6.446700170740683689e+00
6.498150306056078129e+00
6.451857450851650633e+00
6.737674432599226826e+00
6.447060137069008157e+00
6.512725866396470664e+00
6.520397151166175576e+00
6.636439204185164087e+00
6.566462011345175931e+00
6.569849531355445471e+00
6.570700516953928982e+00
6.444873962831511705e+00
6.625651993543559826e+00
6.519083126743443479e+00
6.405806316905053421e+00
6.787875705171148688e+00
6.589714809500796910e+00
6.728866981965797578e+00
6.642232571164520039e+00
6.674132500542072854e+00
6.829941307161398356e+00
6.581146613313701543e+00
6.646119952192951708e+00
6.636439647152382548e+00
6.723206136029231672e+00
6.679538738699497102e+00
6.733163939818522792e+00
6.665598661012189119e+00
6.893460100932451873e+00
6.777760636643129111e+00
6.856028837955342681e+00
7.000913887826152759e+00
6.886455473572994812e+00
6.979887841249459157e+00
7.099838082640574477e+00
6.881449423607473470e+00
6.786464879208936374e+00
6.882515822464038813e+00
6.888940059135107319e+00
6.891277326050519569e+00
6.886227601190969771e+00
6.825719627418519231e+00
6.894727786409828418e+00
6.971967149484525450e+00
6.977052078363263021e+00
6.790579105698484774e+00
6.975565750601654180e+00
7.110111958373007468e+00
6.950926849779215821e+00
6.922948925642741003e+00
7.103483616307156190e+00
7.136950259446315670e+00
6.913333062405226492e+00
7.026791316166095314e+00
7.111089085859288339e+00
7.058105795488577527e+00
7.183388238213357369e+00
7.179277909268221514e+00
7.098079402492538215e+00
6.978214948375292437e+00
6.996722232723710633e+00
7.181304696896826378e+00
7.119381843305141011e+00
7.135852444136190798e+00
7.097935027813872644e+00
7.025938630719190670e+00
7.348749857391679186e+00
7.094734803696566949e+00
7.077438818778755802e+00
7.131554146268999084e+00
7.116361558304080681e+00
7.357394630756478371e+00
7.385908441341815234e+00
7.267119104904674387e+00
7.378302923956601589e+00
7.335952882948012288e+00
6.988283266335248989e+00
7.317783548788842296e+00
7.356991498524890538e+00
7.342312129837803347e+00
7.322364406069146625e+00
7.289686179952829193e+00
7.267964405899914659e+00
7.121089880125961002e+00
7.431919504724620928e+00
7.096651085058855557e+00
7.384756511165405435e+00
7.342693137696246097e+00
7.535536895013620118e+00
7.350879882465889636e+00
7.252479040700726465e+00
7.595908739116941533e+00
7.408734735168637009e+00
7.411743556636425367e+00
7.565881770485370694e+00
7.378791301187058949e+00
7.376065953765555960e+00
7.473251353038095068e+00
7.355149473029852558e+00
7.443078053525637117e+00
7.461942444746965997e+00
7.500668037879767880e+00
7.493067978265695928e+00
7.429838955927297484e+00
7.399822971056471133e+00
7.512874179782384587e+00
7.793936690398389544e+00
7.526148956938178536e+00
7.537905128997445026e+00
7.577215780598317352e+00
7.444079042673726221e+00
7.703526518122908229e+00
7.601695374524272353e+00
7.758350201591895257e+00
7.666701956458961575e+00
7.580642128608336527e+00
7.687450917553467988e+00
7.828576701902068002e+00
7.775009011379995449e+00
7.797747631675892244e+00
7.870531103724726307e+00
7.733361970433302979e+00
7.723754417084328416e+00
7.827880352072074999e+00
7.984963003017186978e+00
7.757817432713145500e+00
7.894975803834165085e+00
7.532659633928706633e+00
7.639132200964594333e+00
7.833089559949104164e+00
7.888364086164975753e+00
7.564324661252037174e+00
7.946300029812397803e+00
7.842026184416363677e+00
7.815450737224193034e+00
7.694369001118235296e+00
7.918041510131294203e+00
7.937142323343515216e+00
7.760077778903077039e+00
7.909389722837178560e+00
7.923846534902636130e+00
7.931468410983269379e+00
7.841031166327616653e+00
7.959109403092206492e+00
7.939796139153351362e+00
8.189026743116011531e+00
7.885258387184811646e+00
8.028693073560310367e+00
7.995045365801843218e+00
7.923143181914566568e+00
8.193003500719589383e+00
7.981652880873753020e+00
8.124389457951654236e+00
8.075491451113022023e+00
8.005858997973620106e+00
8.085827565335531375e+00
8.005596357688355980e+00
8.053248351995931031e+00
7.999629624329589461e+00
8.000474083285961768e+00
8.231651779775432942e+00
8.133338642915491690e+00
8.139180752357942694e+00
8.292609184787606225e+00
8.212294572238327817e+00
8.106975940588178275e+00
8.118591063402512020e+00
8.077245168603218062e+00
8.215622199980156637e+00
8.317380256491505364e+00
8.222196904084070113e+00
8.229747469243578806e+00
8.286629828747408055e+00
8.259686331863202113e+00
8.208874331353758436e+00
8.364036675755873063e+00
8.201159364212818659e+00
8.259161766819305583e+00
8.343495749573973441e+00
8.195990734574598591e+00
8.282903391012954586e+00
8.374956479383032004e+00
8.103161466051094663e+00
8.309330898759901274e+00
8.406584525085500914e+00
8.460123705859812659e+00
8.326006865218610997e+00
8.226773335054629044e+00
8.561473474229682523e+00
8.517644926912693037e+00
8.337278065271014782e+00
8.348153295225547055e+00
8.456882372808161463e+00
8.486588381758679134e+00
8.374476531316805250e+00
8.327123094844674611e+00
8.623827319539032032e+00
8.239873617430154340e+00
8.501282958882454110e+00
8.407129300048724829e+00
8.545161084415816788e+00
8.428607495659775850e+00
8.609782975677360284e+00
8.560626060287484407e+00
8.592345795785069740e+00
8.417061247101797150e+00
8.591353388765014643e+00
8.595613940379521978e+00
8.840922406209035245e+00
8.595586992673760918e+00
8.476693520883166855e+00
8.568114256625420921e+00
8.587366689465865122e+00
8.620692474694708451e+00
8.666524789250010130e+00
8.588979025607244466e+00
8.853826565398225767e+00
8.541557146963731029e+00
8.617904721077346508e+00
8.539556686288786835e+00
8.567698106112246137e+00
8.798179938492664220e+00
8.706220259167551490e+00
8.864436756116218064e+00
8.746862994555620219e+00
8.583332630671799635e+00
8.742042151012590523e+00
8.706073237136646270e+00
8.913931678240478718e+00
8.764021251881114694e+00
8.843282185840427800e+00
8.857872229433626288e+00
8.684529424208536241e+00
8.794353333403087447e+00
8.687665385182997468e+00
8.882589320876375538e+00
8.854878581898033119e+00
8.807162785857553189e+00
8.999250393173360507e+00
8.980971962300200673e+00
9.070943985597557102e+00
8.846519962781442814e+00
8.828563173659846441e+00
8.998634055741156601e+00
8.929854294779334012e+00
8.849863548053674478e+00
8.883925360326356824e+00
9.098282748316071533e+00
8.962258442921935853e+00
8.948937917959572275e+00
8.854872814189016950e+00
9.049930134904979440e+00
8.971864146714210619e+00
9.289561915345391441e+00
8.820129393001494122e+00
9.100076431350096584e+00
9.014511528066108781e+00
9.124969846654083838e+00
9.095687861828725573e+00
9.082171715846806492e+00
9.141173589968980551e+00
8.915097946967557974e+00
9.143933721818598315e+00
9.132301725778493307e+00
9.228273193769808813e+00
9.051517566039670726e+00
9.103217030596244541e+00
9.168315149148375198e+00
9.183832087822461077e+00
9.091164513251744239e+00
9.186732257387369316e+00
9.157216852716606681e+00
9.233138043034809783e+00
9.238653506866755905e+00
9.244619169572318995e+00
9.187288057935619534e+00
9.231229176386678503e+00
9.258853580709189401e+00
9.232069645464870078e+00
9.358285328517748525e+00
9.286733775729366869e+00
9.391881234166580938e+00
9.306865605231156025e+00
9.526231045938184039e+00
9.218292819832750951e+00
9.416940068446839618e+00
9.374517897973033698e+00
9.313255562106446561e+00
9.416809751540894169e+00
9.535144234194845581e+00
9.406269975380967097e+00
9.366486537898396136e+00
9.394767985846431912e+00
9.400304828741171903e+00
9.593863899515140403e+00
9.504941576530139713e+00
9.442819648125116316e+00
9.311946820575363049e+00
9.294252889163757914e+00
9.413376973404227854e+00
9.456045263238884502e+00
9.471722658062464717e+00
9.569403060532357230e+00
9.507164351642893863e+00
9.532108631542422827e+00
9.595838044406445277e+00
9.605861776983251943e+00
9.644513495983163764e+00
9.498168928460083649e+00
9.494263611803326341e+00
9.605004931308144478e+00
9.610627595500890408e+00
9.774387046355439423e+00
9.627307024935154445e+00
9.763797699893817850e+00
9.481201051332403651e+00
9.506211230225634523e+00
9.410286044534823091e+00
9.908129129538268742e+00
9.732911045558672924e+00
9.613331633988341451e+00
9.587396554075183985e+00
9.759355761380492211e+00
9.746909458021784545e+00
9.653396698776655072e+00
9.718716397630165815e+00
9.884105710758774421e+00
9.679956439971471482e+00
9.945216584947528915e+00
9.752439951934654516e+00
9.838837212402202326e+00
9.585424540958067396e+00
9.714439205092995522e+00
9.743850285021052215e+00
9.762300106128938282e+00
9.820465209006743024e+00
9.970705974140246397e+00
1.006609781282868887e+01
9.980939120267386500e+00
9.812589127377615128e+00
9.981343155105930620e+00
9.820693906630140191e+00
9.956528380712843074e+00
9.923443321113593285e+00
9.799208451229278083e+00
9.846109930312353598e+00
9.974086584901902697e+00
1.006292102957133849e+01
1.006052827517224912e+01
1.012557938157122628e+01
9.914493040343366204e+00
9.886393173708981408e+00
1.009851615826370619e+01
1.001739840090242417e+01
9.905878004544046433e+00
9.987247905850523466e+00
1.011171691474050327e+01
1.005651346943056268e+01
1.013416155640864247e+01
1.021995328059725239e+01
1.011340003591603143e+01
1.005819807318390247e+01
1.003634613153485944e+01
1.017906557483322061e+01
1.023332559130448338e+01
1.023169795084834632e+01
1.024358811616862219e+01
1.018306893251702938e+01
1.030708334491847644e+01
1.021809820265130497e+01
1.007285532209903423e+01
1.013430823677160930e+01
1.008873504764767937e+01
1.018917067196085569e+01
1.030731421067605780e+01
1.025940429352759153e+01
1.057412525424630800e+01
1.032141853551520683e+01
1.025043403818714616e+01
1.021139573324214211e+01
1.038623121503420244e+01
1.043410884932392513e+01
1.042338881327355615e+01
1.042041634696193597e+01
1.034082907955986563e+01
1.032455320779279262e+01
1.018565527028066953e+01
1.020484063963990096e+01
1.034546636415588239e+01
1.038583669888555328e+01
1.030452954826903778e+01
1.048964886429710397e+01
1.056086253741459480e+01
1.054730232283503888e+01
1.049844862084746033e+01
1.024213165466612097e+01
1.046590554544082963e+01
1.046945388492147089e+01
1.046968744594597389e+01
1.032507310461216399e+01
1.045102751477794811e+01
1.067855004233555327e+01
1.050294629078679343e+01
1.066006539327544012e+01
1.058829695013274197e+01
1.044822650618109350e+01
1.049005006984176092e+01
1.051932224788598624e+01
1.046835696484197697e+01
1.054683512104244159e+01
1.059223400829979944e+01
1.047129667541159037e+01
1.064003604358099331e+01
1.085871929721157514e+01
1.071171712410798627e+01
1.078620952682635092e+01
1.079786269309316005e+01
1.053443931089030627e+01
1.061006455249473035e+01
1.062943455838916940e+01
1.069612747229493444e+01
1.074484436992662673e+01
1.057889556467941716e+01
1.084719192444443259e+01
1.055076512552763113e+01
1.090477868629041858e+01
1.077958752327959857e+01
1.081753375680691853e+01
1.061541219010783088e+01
1.074071314691005163e+01
1.073565783624374781e+01
1.081390562681706768e+01
1.086761357961580288e+01
1.090398171948518602e+01
1.081121846342678339e+01
1.097390955807472324e+01
1.090727870261909516e+01
1.117667281393901391e+01
1.094839267170236674e+01
1.094933422282867141e+01
1.095185556550705108e+01
1.078772206143836065e+01
1.106991860484216161e+01
1.079269113794042312e+01
1.092722749733836274e+01
1.094984172177758985e+01
1.094101593584334253e+01
1.099932961691783007e+01
1.097908142197928427e+01
1.091404782011320052e+01
1.109753034395833815e+01
1.072626409659757840e+01
1.116168243712333741e+01
1.104400027279309526e+01
1.102244812689026965e+01
1.103493324301058820e+01
1.107447286019051269e+01
1.077042170539211341e+01
1.107028190563231718e+01
1.113162694488643467e+01
1.115959501390807951e+01
1.114212495532785319e+01
1.113196051893450189e+01
1.102361362548287005e+01
1.108144687560838371e+01
1.120918842986652209e+01
1.140989175191779204e+01
1.118072820886128937e+01
1.118905234451628772e+01
1.118514242567762196e+01
1.115366184466090616e+01
1.129132639792568860e+01
1.118020042223111865e+01
1.133065474952997853e+01
1.130082319181742889e+01
1.122480002719473013e+01
1.122595296180893065e+01
1.123956419353460845e+01
1.126987856928203158e+01
1.139190074321347979e+01
1.135762996393245139e+01
1.132420393945393933e+01
1.135933052804937482e+01
1.141986412793002970e+01
1.126505440534197078e+01
1.136031586263685966e+01
1.136896376870345371e+01
1.136169138799214551e+01
1.144021839698875098e+01
1.149199301365155179e+01
1.143520983530818214e+01
1.146065844075425844e+01
1.151100898356148861e+01
1.142095573635455885e+01
1.135399084952074844e+01
1.126754355095249593e+01
1.154148262174976303e+01
1.139335539298560462e+01
1.164320937696627567e+01
1.147026558600335200e+01
1.173265489585166499e+01
1.137813345233670148e+01
1.155236161372132919e+01
1.128943316658562246e+01
1.172014760864561111e+01
1.136599579234997037e+01
1.173228827665784380e+01
1.147694733326399863e+01
1.146469151875685455e+01
1.158424894684760531e+01
1.151326779107834852e+01
1.156896962147146013e+01
1.176003174689811104e+01
1.152840115604594651e+01
1.164837153048426188e+01
1.188404369108889291e+01
1.170834662539054349e+01
1.195353343177712269e+01
1.169886382396170710e+01
1.162379892496482725e+01
1.169604312457790840e+01
1.163039028648372408e+01
1.186192906442573936e+01
1.168087347463068859e+01
1.170330338447758045e+01
1.188545759144728464e+01
1.168208820116913493e+01
1.183049411598321221e+01
1.176419122335433087e+01
1.175747228233584885e+01
1.163990392135554330e+01
1.168929703713927282e+01
1.179379122340675501e+01
1.201321275658759369e+01
1.177757532216902092e+01
1.190166897410723656e+01
1.180836319644738808e+01
1.196578453635657446e+01
1.193377447660487967e+01
1.188321616119148949e+01
1.205837927087813632e+01
1.190521706788675260e+01
1.198114589954833242e+01
1.191797461417242232e+01
1.192307120698141176e+01
1.193056737612510432e+01
1.187837772776026490e+01
1.207938154676113918e+01
1.199992553167112597e+01
1.190556301219978508e+01
1.186733415565809224e+01
1.197261646124450962e+01
1.201560005553516319e+01
1.196968606892989406e+01
1.204164691478294991e+01
1.203240552441659794e+01
1.217999075182354396e+01
1.197338092160702594e+01
1.206733000681391310e+01
1.223407627277256537e+01
1.213116165096761634e+01
1.195280241362648077e+01
1.234741393569450096e+01
1.226370536552016688e+01
1.208701943130298950e+01
1.215209777006405112e+01
1.225606847192443460e+01
1.219014587921863146e+01
1.217382308520767786e+01
1.233719016218120856e+01
1.220457598913413833e+01
1.221493240003376890e+01
1.230799860373458898e+01
1.227933806428761621e+01
1.235874144691805476e+01
1.230387769774931783e+01
1.217357401449802268e+01
1.242455870214075198e+01
1.217632647566797388e+01
1.227198376743333341e+01
1.242547496071168922e+01
1.219863955104983155e+01
1.221762440941027705e+01
1.241618871414809000e+01
1.233245336510331747e+01
1.236407274154744584e+01
1.239328413502175685e+01
1.232026319367639822e+01
1.248630972211332057e+01
1.236488726428045304e+01
1.254893572319223871e+01
1.248231977821082950e+01
1.235121401327987556e+01
1.235934375575785182e+01
1.224594201703177099e+01
1.242820256106227284e+01
1.255564327380387724e+01
1.236615654563699529e+01
1.230292639847630731e+01
1.261546272703740357e+01
1.234791332509467487e+01
1.247572310868635981e+01
1.246544123024160022e+01
1.248442550456531208e+01
1.257437199501877956e+01
1.241255582904641308e+01
1.271620363373285656e+01
1.244150430793562379e+01
1.281958171136939661e+01
1.252664672315688499e+01
1.258254327920265148e+01
1.270538172671681387e+01
1.271155475425339354e+01
1.259436288456198660e+01
1.272594738165520667e+01
1.265495755644277587e+01
1.245116430602348956e+01
1.252826045478160566e+01
1.282801825815517915e+01
1.268042627697545832e+01
1.270220153975546040e+01
1.282804287605290128e+01
1.288280119327131956e+01
1.276995573094822944e+01
1.286227175039180892e+01
1.277269179720009618e+01
1.275019990711304985e+01
1.271162395608183715e+01
1.269272033943624400e+01
1.284766458510958742e+01
1.271725231910519405e+01
1.291112523247483779e+01
1.284920449904503847e+01
1.285351994048002666e+01
1.275648156183548387e+01
1.284982092783728369e+01
1.281191925585834390e+01
1.296746326935454086e+01
1.283291404935471824e+01
1.292061393667849067e+01
1.303301825818766346e+01
1.285507536565534892e+01
1.280695679233398110e+01
1.286787670832048569e+01
1.294384842475301944e+01
1.291529595508814587e+01
1.292854109505556437e+01
1.308171908562933794e+01
1.298276212846399069e+01
1.302982998266121406e+01
1.311828056337776616e+01
1.299685375837007228e+01
1.302721003271195599e+01
1.309877722446887205e+01
1.299002190721733463e+01
1.287737575114582178e+01
1.306189685373414022e+01
1.305429592944697070e+01
1.334586710420559541e+01
1.321218676202070164e+01
1.317930392240237403e+01
1.327228628750802208e+01
1.326916588827726073e+01
1.297628729879712672e+01
1.318120840230312929e+01
1.298532962166994942e+01
1.329120575614933841e+01
1.326264337596295029e+01
1.327872389637862938e+01
1.334921649505536045e+01
1.328162972011748977e+01
1.322370622967433818e+01
1.321605078361216101e+01
1.318107546502299243e+01
1.351739035562342295e+01
1.326327487622313406e+01
1.329318857668180698e+01
1.313982958861792127e+01
1.344647012208168846e+01
1.333428989170016443e+01
1.336626635434306998e+01
1.325093202295675532e+01
1.340911035796341544e+01
1.324906865523182375e+01
1.332808323512422710e+01
1.334154005366820606e+01
1.332026466725839775e+01
1.340052341022709115e+01
1.343947724086889295e+01
1.334040349349416843e+01
1.352407455400794767e+01
1.355739821233707154e+01
1.362718912569336993e+01
1.358961576511457636e+01
1.347286554139088999e+01
1.337743659675305885e+01
1.347454067490649443e+01
1.354904116777158229e+01
1.358712780906912521e+01
1.353738826401695405e+01
1.345367484820752146e+01
1.348117066256079966e+01
1.353460562044542748e+01
1.351507577489513601e+01
1.356678426429989770e+01
1.363644205127421216e+01
1.366779536487310942e+01
1.355184952698671985e+01
1.340719088678301851e+01
1.343533597536542601e+01
1.338000896661515959e+01
1.354707309788440384e+01
1.372222864446479917e+01
1.378572936639630164e+01
1.364712637746770163e+01
1.380308202100526849e+01
1.377944877356714137e+01
1.371451127045117779e+01
1.361479945329834962e+01
1.365067721148959379e+01
1.361471781182275187e+01
1.370225664245031894e+01
1.368748779096385704e+01
1.353004787159658129e+01
1.383216041947239638e+01
1.381038339174644847e+01
1.372833342699863834e+01
1.381439044995036447e+01
1.385318636649622626e+01
1.380185451435349897e+01
1.388969231199883048e+01
1.380372783803663772e+01
1.353511409925827280e+01
1.376208616768815851e+01
1.384178293332249687e+01
1.382447001793715557e+01
1.369416666255625792e+01
1.382415991649577514e+01
1.388730000289240962e+01
1.399270074353765203e+01
1.375857413036523447e+01
1.398135803004824673e+01
1.376463041753648398e+01
1.395491055133274294e+01
1.389809843279319423e+01
1.405064316528201473e+01
1.406300321246191309e+01
1.402431010277815560e+01
1.417914564116943765e+01
1.393740403384382986e+01